center_x,center_y,width,height,xmin,ymin,xmax,ymax,top_left_x,top_left_y,top_right_x,top_right_y,bottom_right_x,bottom_right_y,bottom_left_x,bottom_left_y,label,grouplabel,group,text_font,text_style,size_font,filename,path,filename_mask,content
300,400,600,800,0,0,600,800,0,0,600,0,600,800,0,800,document,,,,,,pat_20211228_152625_5467383857_600_800.png,/scratch/parceirosbr/bigoilict/share/BigOil/document_generator/datasets/documents_2021_12_28/pat_20211228_152625_5467383857_600_800.png,pat_20211228_152625_5467383857_600_800_mask.png,
109,7,219,15,227,90,446,105,227,90,446,90,446,105,227,105,sub_line_text,subsubtitle,subsubtitle_0,opensans,regular,11,pat_20211228_152625_5467383857_600_800.png,/scratch/parceirosbr/bigoilict/share/BigOil/document_generator/datasets/documents_2021_12_28/pat_20211228_152625_5467383857_600_800.png,pat_20211228_152625_5467383857_600_800_mask.png,1.1. tem envidado esforços para aumentar
109,7,219,15,227,90,446,105,227,90,446,90,446,105,227,105,title,subsubtitle,subsubtitle_0,opensans,regular,11,pat_20211228_152625_5467383857_600_800.png,/scratch/parceirosbr/bigoilict/share/BigOil/document_generator/datasets/documents_2021_12_28/pat_20211228_152625_5467383857_600_800.png,pat_20211228_152625_5467383857_600_800_mask.png,nan
189,41,379,82,147,108,526,190,147,108,526,108,526,190,147,190,list,list,list_1,opensans,opensans,8,pat_20211228_152625_5467383857_600_800.png,/scratch/parceirosbr/bigoilict/share/BigOil/document_generator/datasets/documents_2021_12_28/pat_20211228_152625_5467383857_600_800.png,pat_20211228_152625_5467383857_600_800_mask.png,
147,5,295,10,147,108,442,118,147,108,442,108,442,118,147,118,sub_line_text,list,list_1,opensans,regular,8,pat_20211228_152625_5467383857_600_800.png,/scratch/parceirosbr/bigoilict/share/BigOil/document_generator/datasets/documents_2021_12_28/pat_20211228_152625_5467383857_600_800.png,pat_20211228_152625_5467383857_600_800_mask.png,"-  Etanol estado de respondeu, em 2010, por 58% da colheita de cana-de-açúcar"
176,5,353,10,147,120,500,130,147,120,500,120,500,130,147,130,sub_line_text,list,list_1,opensans,regular,8,pat_20211228_152625_5467383857_600_800.png,/scratch/parceirosbr/bigoilict/share/BigOil/document_generator/datasets/documents_2021_12_28/pat_20211228_152625_5467383857_600_800.png,pat_20211228_152625_5467383857_600_800_mask.png,"-  Os espectros gerados para os três compostos estão apresentados na 6.26, 6.27 e 6.28. Ondas"
174,5,348,10,147,132,495,142,147,132,495,132,495,142,147,142,sub_line_text,list,list_1,opensans,regular,8,pat_20211228_152625_5467383857_600_800.png,/scratch/parceirosbr/bigoilict/share/BigOil/document_generator/datasets/documents_2021_12_28/pat_20211228_152625_5467383857_600_800.png,pat_20211228_152625_5467383857_600_800_mask.png,"-  Os resultados de salinidade são usados, principalmente, para identificar o teor salino da água"
54,5,108,10,147,144,255,154,147,144,255,144,255,154,147,154,sub_line_text,list,list_1,opensans,regular,8,pat_20211228_152625_5467383857_600_800.png,/scratch/parceirosbr/bigoilict/share/BigOil/document_generator/datasets/documents_2021_12_28/pat_20211228_152625_5467383857_600_800.png,pat_20211228_152625_5467383857_600_800_mask.png,-  Porém esse volume de água
189,5,379,10,147,156,526,166,147,156,526,156,526,166,147,166,sub_line_text,list,list_1,opensans,regular,8,pat_20211228_152625_5467383857_600_800.png,/scratch/parceirosbr/bigoilict/share/BigOil/document_generator/datasets/documents_2021_12_28/pat_20211228_152625_5467383857_600_800.png,pat_20211228_152625_5467383857_600_800_mask.png,-  Importação  e  exportação  de derivados de petróleo2.16 externa 2.17 de petróleo e seus derivados. Já
25,5,50,10,154,168,204,178,154,168,204,168,204,178,154,178,sub_line_text,list,list_1,opensans,regular,8,pat_20211228_152625_5467383857_600_800.png,/scratch/parceirosbr/bigoilict/share/BigOil/document_generator/datasets/documents_2021_12_28/pat_20211228_152625_5467383857_600_800.png,pat_20211228_152625_5467383857_600_800_mask.png,a altura de 10
189,5,378,10,147,180,525,190,147,180,525,180,525,190,147,190,sub_line_text,list,list_1,opensans,regular,8,pat_20211228_152625_5467383857_600_800.png,/scratch/parceirosbr/bigoilict/share/BigOil/document_generator/datasets/documents_2021_12_28/pat_20211228_152625_5467383857_600_800.png,pat_20211228_152625_5467383857_600_800_mask.png,-  O  semicondutor  mais  comumente  utilizado  em  fotocatálise  é  o  devido  a  algumas características
173,5,346,10,177,193,523,203,177,193,523,193,523,203,177,203,sub_line_text,text,text_0,opensans,regular,8,pat_20211228_152625_5467383857_600_800.png,/scratch/parceirosbr/bigoilict/share/BigOil/document_generator/datasets/documents_2021_12_28/pat_20211228_152625_5467383857_600_800.png,pat_20211228_152625_5467383857_600_800_mask.png,The  also  amends  the  1990  with  regard  compulsory  remediation  of  contaminated  land. T-
187,5,375,10,147,205,522,215,147,205,522,205,522,215,147,215,sub_line_text,text,text_0,opensans,regular,8,pat_20211228_152625_5467383857_600_800.png,/scratch/parceirosbr/bigoilict/share/BigOil/document_generator/datasets/documents_2021_12_28/pat_20211228_152625_5467383857_600_800.png,pat_20211228_152625_5467383857_600_800_mask.png,"ratando  fisicamente,  a  entalpia  de  estagnação  é  a  entalpia  que  um  fluxo  de gás de entalpia h e da"
188,5,376,10,147,217,523,227,147,217,523,217,523,227,147,227,sub_line_text,text,text_0,opensans,regular,8,pat_20211228_152625_5467383857_600_800.png,/scratch/parceirosbr/bigoilict/share/BigOil/document_generator/datasets/documents_2021_12_28/pat_20211228_152625_5467383857_600_800.png,pat_20211228_152625_5467383857_600_800_mask.png,"velocidade  iria  possuir,  quando  trazido  para  descansar  adiabaticamente  e  sem  transferência  de t-"
188,5,376,10,147,229,523,239,147,229,523,229,523,239,147,239,sub_line_text,text,text_0,opensans,regular,8,pat_20211228_152625_5467383857_600_800.png,/scratch/parceirosbr/bigoilict/share/BigOil/document_generator/datasets/documents_2021_12_28/pat_20211228_152625_5467383857_600_800.png,pat_20211228_152625_5467383857_600_800_mask.png,rabalho.   The  present  paper  proposes  a  comparison  of  the  welding  residual  stress  state  in  small
188,5,376,10,147,241,523,251,147,241,523,241,523,251,147,251,sub_line_text,text,text_0,opensans,regular,8,pat_20211228_152625_5467383857_600_800.png,/scratch/parceirosbr/bigoilict/share/BigOil/document_generator/datasets/documents_2021_12_28/pat_20211228_152625_5467383857_600_800.png,pat_20211228_152625_5467383857_600_800_mask.png,"diameter  pipes  used  in  oil  and  gas  industry,  obtained  by  numerical  method, with the experiment-"
188,5,376,10,147,253,523,263,147,253,523,253,523,263,147,263,sub_line_text,text,text_0,opensans,regular,8,pat_20211228_152625_5467383857_600_800.png,/scratch/parceirosbr/bigoilict/share/BigOil/document_generator/datasets/documents_2021_12_28/pat_20211228_152625_5467383857_600_800.png,pat_20211228_152625_5467383857_600_800_mask.png,al  results  presented  in  other  work.  Para  obter  o  tempo  de  batelada  para a conversão de 50% dos
188,5,376,10,147,265,523,275,147,265,523,265,523,275,147,275,sub_line_text,text,text_0,opensans,regular,8,pat_20211228_152625_5467383857_600_800.png,/scratch/parceirosbr/bigoilict/share/BigOil/document_generator/datasets/documents_2021_12_28/pat_20211228_152625_5467383857_600_800.png,pat_20211228_152625_5467383857_600_800_mask.png,"ácidos  graxos  livres  no  óleo  de  soja,  basta  substituir  os  valores  de  e  obtidos  na. Para não haver"
188,5,376,10,147,277,523,287,147,277,523,277,523,287,147,287,sub_line_text,text,text_0,opensans,regular,8,pat_20211228_152625_5467383857_600_800.png,/scratch/parceirosbr/bigoilict/share/BigOil/document_generator/datasets/documents_2021_12_28/pat_20211228_152625_5467383857_600_800.png,pat_20211228_152625_5467383857_600_800_mask.png,erro  ou  dúvida  é  preciso  que  o  seja  escrito  por  pessoas  capacitadas  e  esclarecidas  em  relação à
127,5,254,10,147,289,401,299,147,289,401,289,401,299,147,299,sub_line_text,text,text_0,opensans,regular,8,pat_20211228_152625_5467383857_600_800.png,/scratch/parceirosbr/bigoilict/share/BigOil/document_generator/datasets/documents_2021_12_28/pat_20211228_152625_5467383857_600_800.png,pat_20211228_152625_5467383857_600_800_mask.png,"17025:2005, e contenha cada item e sub-item da norma em questão."
188,53,376,106,147,193,523,299,147,193,523,193,523,299,147,299,text,text,text_0,opensans,regular,8,pat_20211228_152625_5467383857_600_800.png,/scratch/parceirosbr/bigoilict/share/BigOil/document_generator/datasets/documents_2021_12_28/pat_20211228_152625_5467383857_600_800.png,pat_20211228_152625_5467383857_600_800_mask.png,nan
133,81,267,163,155,302,422,465,155,302,422,302,422,465,155,465,table,table_image,table_0,,,,pat_20211228_152625_5467383857_600_800.png,/scratch/parceirosbr/bigoilict/share/BigOil/document_generator/datasets/documents_2021_12_28/pat_20211228_152625_5467383857_600_800.png,pat_20211228_152625_5467383857_600_800_mask.png,output/gen_tab_20211228_152626_1711852669.png
14,4,28,8,165,304,193,312,165,304,193,304,193,312,165,312,text,table_text,table_0,courier,regular,8.0,pat_20211228_152625_5467383857_600_800.png,/scratch/parceirosbr/bigoilict/share/BigOil/document_generator/datasets/documents_2021_12_28/pat_20211228_152625_5467383857_600_800.png,pat_20211228_152625_5467383857_600_800_mask.png,físico
14,4,28,8,165,304,193,312,165,304,193,304,193,312,165,312,sub_line_text,table_text,table_0,courier,regular,8.0,pat_20211228_152625_5467383857_600_800.png,/scratch/parceirosbr/bigoilict/share/BigOil/document_generator/datasets/documents_2021_12_28/pat_20211228_152625_5467383857_600_800.png,pat_20211228_152625_5467383857_600_800_mask.png,físico
14,3,28,7,165,315,193,322,165,315,193,315,193,322,165,322,text,table_text,table_0,courier,bold,8.0,pat_20211228_152625_5467383857_600_800.png,/scratch/parceirosbr/bigoilict/share/BigOil/document_generator/datasets/documents_2021_12_28/pat_20211228_152625_5467383857_600_800.png,pat_20211228_152625_5467383857_600_800_mask.png,97.014
14,3,28,7,165,315,193,322,165,315,193,315,193,322,165,322,sub_line_text,table_text,table_0,courier,bold,8.0,pat_20211228_152625_5467383857_600_800.png,/scratch/parceirosbr/bigoilict/share/BigOil/document_generator/datasets/documents_2021_12_28/pat_20211228_152625_5467383857_600_800.png,pat_20211228_152625_5467383857_600_800_mask.png,97.014
16,3,32,7,160,325,192,332,160,325,192,325,192,332,160,332,text,table_text,table_0,courier,bold,8.0,pat_20211228_152625_5467383857_600_800.png,/scratch/parceirosbr/bigoilict/share/BigOil/document_generator/datasets/documents_2021_12_28/pat_20211228_152625_5467383857_600_800.png,pat_20211228_152625_5467383857_600_800_mask.png,117.987
16,3,32,7,160,325,192,332,160,325,192,325,192,332,160,332,sub_line_text,table_text,table_0,courier,bold,8.0,pat_20211228_152625_5467383857_600_800.png,/scratch/parceirosbr/bigoilict/share/BigOil/document_generator/datasets/documents_2021_12_28/pat_20211228_152625_5467383857_600_800.png,pat_20211228_152625_5467383857_600_800_mask.png,117.987
16,3,32,7,160,335,192,342,160,335,192,335,192,342,160,342,text,table_text,table_0,courier,bold,8.0,pat_20211228_152625_5467383857_600_800.png,/scratch/parceirosbr/bigoilict/share/BigOil/document_generator/datasets/documents_2021_12_28/pat_20211228_152625_5467383857_600_800.png,pat_20211228_152625_5467383857_600_800_mask.png,100.039
16,3,32,7,160,335,192,342,160,335,192,335,192,342,160,342,sub_line_text,table_text,table_0,courier,bold,8.0,pat_20211228_152625_5467383857_600_800.png,/scratch/parceirosbr/bigoilict/share/BigOil/document_generator/datasets/documents_2021_12_28/pat_20211228_152625_5467383857_600_800.png,pat_20211228_152625_5467383857_600_800_mask.png,100.039
16,3,32,7,160,346,192,353,160,346,192,346,192,353,160,353,text,table_text,table_0,courier,bold,8.0,pat_20211228_152625_5467383857_600_800.png,/scratch/parceirosbr/bigoilict/share/BigOil/document_generator/datasets/documents_2021_12_28/pat_20211228_152625_5467383857_600_800.png,pat_20211228_152625_5467383857_600_800_mask.png,990.426
16,3,32,7,160,346,192,353,160,346,192,346,192,353,160,353,sub_line_text,table_text,table_0,courier,bold,8.0,pat_20211228_152625_5467383857_600_800.png,/scratch/parceirosbr/bigoilict/share/BigOil/document_generator/datasets/documents_2021_12_28/pat_20211228_152625_5467383857_600_800.png,pat_20211228_152625_5467383857_600_800_mask.png,990.426
16,3,32,7,160,356,192,363,160,356,192,356,192,363,160,363,text,table_text,table_0,courier,bold,8.0,pat_20211228_152625_5467383857_600_800.png,/scratch/parceirosbr/bigoilict/share/BigOil/document_generator/datasets/documents_2021_12_28/pat_20211228_152625_5467383857_600_800.png,pat_20211228_152625_5467383857_600_800_mask.png,287.989
16,3,32,7,160,356,192,363,160,356,192,356,192,363,160,363,sub_line_text,table_text,table_0,courier,bold,8.0,pat_20211228_152625_5467383857_600_800.png,/scratch/parceirosbr/bigoilict/share/BigOil/document_generator/datasets/documents_2021_12_28/pat_20211228_152625_5467383857_600_800.png,pat_20211228_152625_5467383857_600_800_mask.png,287.989
14,3,28,7,165,367,193,374,165,367,193,367,193,374,165,374,text,table_text,table_0,courier,bold,8.0,pat_20211228_152625_5467383857_600_800.png,/scratch/parceirosbr/bigoilict/share/BigOil/document_generator/datasets/documents_2021_12_28/pat_20211228_152625_5467383857_600_800.png,pat_20211228_152625_5467383857_600_800_mask.png,66.717
14,3,28,7,165,367,193,374,165,367,193,367,193,374,165,374,sub_line_text,table_text,table_0,courier,bold,8.0,pat_20211228_152625_5467383857_600_800.png,/scratch/parceirosbr/bigoilict/share/BigOil/document_generator/datasets/documents_2021_12_28/pat_20211228_152625_5467383857_600_800.png,pat_20211228_152625_5467383857_600_800_mask.png,66.717
14,3,28,7,165,377,193,384,165,377,193,377,193,384,165,384,text,table_text,table_0,courier,bold,8.0,pat_20211228_152625_5467383857_600_800.png,/scratch/parceirosbr/bigoilict/share/BigOil/document_generator/datasets/documents_2021_12_28/pat_20211228_152625_5467383857_600_800.png,pat_20211228_152625_5467383857_600_800_mask.png,66.677
14,3,28,7,165,377,193,384,165,377,193,377,193,384,165,384,sub_line_text,table_text,table_0,courier,bold,8.0,pat_20211228_152625_5467383857_600_800.png,/scratch/parceirosbr/bigoilict/share/BigOil/document_generator/datasets/documents_2021_12_28/pat_20211228_152625_5467383857_600_800.png,pat_20211228_152625_5467383857_600_800_mask.png,66.677
16,3,32,7,160,387,192,394,160,387,192,387,192,394,160,394,text,table_text,table_0,courier,bold,8.0,pat_20211228_152625_5467383857_600_800.png,/scratch/parceirosbr/bigoilict/share/BigOil/document_generator/datasets/documents_2021_12_28/pat_20211228_152625_5467383857_600_800.png,pat_20211228_152625_5467383857_600_800_mask.png,493.850
16,3,32,7,160,387,192,394,160,387,192,387,192,394,160,394,sub_line_text,table_text,table_0,courier,bold,8.0,pat_20211228_152625_5467383857_600_800.png,/scratch/parceirosbr/bigoilict/share/BigOil/document_generator/datasets/documents_2021_12_28/pat_20211228_152625_5467383857_600_800.png,pat_20211228_152625_5467383857_600_800_mask.png,493.850
14,3,28,7,165,398,193,405,165,398,193,398,193,405,165,405,text,table_text,table_0,courier,bold,8.0,pat_20211228_152625_5467383857_600_800.png,/scratch/parceirosbr/bigoilict/share/BigOil/document_generator/datasets/documents_2021_12_28/pat_20211228_152625_5467383857_600_800.png,pat_20211228_152625_5467383857_600_800_mask.png,66.230
14,3,28,7,165,398,193,405,165,398,193,398,193,405,165,405,sub_line_text,table_text,table_0,courier,bold,8.0,pat_20211228_152625_5467383857_600_800.png,/scratch/parceirosbr/bigoilict/share/BigOil/document_generator/datasets/documents_2021_12_28/pat_20211228_152625_5467383857_600_800.png,pat_20211228_152625_5467383857_600_800_mask.png,66.230
14,3,28,7,165,408,193,415,165,408,193,408,193,415,165,415,text,table_text,table_0,courier,bold,8.0,pat_20211228_152625_5467383857_600_800.png,/scratch/parceirosbr/bigoilict/share/BigOil/document_generator/datasets/documents_2021_12_28/pat_20211228_152625_5467383857_600_800.png,pat_20211228_152625_5467383857_600_800_mask.png,46.178
14,3,28,7,165,408,193,415,165,408,193,408,193,415,165,415,sub_line_text,table_text,table_0,courier,bold,8.0,pat_20211228_152625_5467383857_600_800.png,/scratch/parceirosbr/bigoilict/share/BigOil/document_generator/datasets/documents_2021_12_28/pat_20211228_152625_5467383857_600_800.png,pat_20211228_152625_5467383857_600_800_mask.png,46.178
16,3,32,7,160,418,192,425,160,418,192,418,192,425,160,425,text,table_text,table_0,courier,bold,8.0,pat_20211228_152625_5467383857_600_800.png,/scratch/parceirosbr/bigoilict/share/BigOil/document_generator/datasets/documents_2021_12_28/pat_20211228_152625_5467383857_600_800.png,pat_20211228_152625_5467383857_600_800_mask.png,869.589
16,3,32,7,160,418,192,425,160,418,192,418,192,425,160,425,sub_line_text,table_text,table_0,courier,bold,8.0,pat_20211228_152625_5467383857_600_800.png,/scratch/parceirosbr/bigoilict/share/BigOil/document_generator/datasets/documents_2021_12_28/pat_20211228_152625_5467383857_600_800.png,pat_20211228_152625_5467383857_600_800_mask.png,869.589
14,3,28,7,165,429,193,436,165,429,193,429,193,436,165,436,text,table_text,table_0,courier,bold,8.0,pat_20211228_152625_5467383857_600_800.png,/scratch/parceirosbr/bigoilict/share/BigOil/document_generator/datasets/documents_2021_12_28/pat_20211228_152625_5467383857_600_800.png,pat_20211228_152625_5467383857_600_800_mask.png,46.506
14,3,28,7,165,429,193,436,165,429,193,429,193,436,165,436,sub_line_text,table_text,table_0,courier,bold,8.0,pat_20211228_152625_5467383857_600_800.png,/scratch/parceirosbr/bigoilict/share/BigOil/document_generator/datasets/documents_2021_12_28/pat_20211228_152625_5467383857_600_800.png,pat_20211228_152625_5467383857_600_800_mask.png,46.506
14,3,28,7,165,439,193,446,165,439,193,439,193,446,165,446,text,table_text,table_0,courier,bold,8.0,pat_20211228_152625_5467383857_600_800.png,/scratch/parceirosbr/bigoilict/share/BigOil/document_generator/datasets/documents_2021_12_28/pat_20211228_152625_5467383857_600_800.png,pat_20211228_152625_5467383857_600_800_mask.png,23.597
14,3,28,7,165,439,193,446,165,439,193,439,193,446,165,446,sub_line_text,table_text,table_0,courier,bold,8.0,pat_20211228_152625_5467383857_600_800.png,/scratch/parceirosbr/bigoilict/share/BigOil/document_generator/datasets/documents_2021_12_28/pat_20211228_152625_5467383857_600_800.png,pat_20211228_152625_5467383857_600_800_mask.png,23.597
14,4,28,8,388,449,416,457,388,449,416,449,416,457,388,457,text,table_text,table_0,courier,regular,8.0,pat_20211228_152625_5467383857_600_800.png,/scratch/parceirosbr/bigoilict/share/BigOil/document_generator/datasets/documents_2021_12_28/pat_20211228_152625_5467383857_600_800.png,pat_20211228_152625_5467383857_600_800_mask.png,20.317
14,4,28,8,388,449,416,457,388,449,416,449,416,457,388,457,sub_line_text,table_text,table_0,courier,regular,8.0,pat_20211228_152625_5467383857_600_800.png,/scratch/parceirosbr/bigoilict/share/BigOil/document_generator/datasets/documents_2021_12_28/pat_20211228_152625_5467383857_600_800.png,pat_20211228_152625_5467383857_600_800_mask.png,20.317
11,4,23,8,201,304,224,312,201,304,224,304,224,312,201,312,text,table_text,table_0,courier,regular,8.0,pat_20211228_152625_5467383857_600_800.png,/scratch/parceirosbr/bigoilict/share/BigOil/document_generator/datasets/documents_2021_12_28/pat_20211228_152625_5467383857_600_800.png,pat_20211228_152625_5467383857_600_800_mask.png,tanto
11,4,23,8,201,304,224,312,201,304,224,304,224,312,201,312,sub_line_text,table_text,table_0,courier,regular,8.0,pat_20211228_152625_5467383857_600_800.png,/scratch/parceirosbr/bigoilict/share/BigOil/document_generator/datasets/documents_2021_12_28/pat_20211228_152625_5467383857_600_800.png,pat_20211228_152625_5467383857_600_800_mask.png,tanto
11,3,23,7,201,315,224,322,201,315,224,315,224,322,201,322,text,table_text,table_0,courier,bold,8.0,pat_20211228_152625_5467383857_600_800.png,/scratch/parceirosbr/bigoilict/share/BigOil/document_generator/datasets/documents_2021_12_28/pat_20211228_152625_5467383857_600_800.png,pat_20211228_152625_5467383857_600_800_mask.png,824.9
11,3,23,7,201,315,224,322,201,315,224,315,224,322,201,322,sub_line_text,table_text,table_0,courier,bold,8.0,pat_20211228_152625_5467383857_600_800.png,/scratch/parceirosbr/bigoilict/share/BigOil/document_generator/datasets/documents_2021_12_28/pat_20211228_152625_5467383857_600_800.png,pat_20211228_152625_5467383857_600_800_mask.png,824.9
11,3,23,7,201,325,224,332,201,325,224,325,224,332,201,332,text,table_text,table_0,courier,bold,8.0,pat_20211228_152625_5467383857_600_800.png,/scratch/parceirosbr/bigoilict/share/BigOil/document_generator/datasets/documents_2021_12_28/pat_20211228_152625_5467383857_600_800.png,pat_20211228_152625_5467383857_600_800_mask.png,633.5
11,3,23,7,201,325,224,332,201,325,224,325,224,332,201,332,sub_line_text,table_text,table_0,courier,bold,8.0,pat_20211228_152625_5467383857_600_800.png,/scratch/parceirosbr/bigoilict/share/BigOil/document_generator/datasets/documents_2021_12_28/pat_20211228_152625_5467383857_600_800.png,pat_20211228_152625_5467383857_600_800_mask.png,633.5
9,3,18,7,205,335,223,342,205,335,223,335,223,342,205,342,text,table_text,table_0,courier,bold,8.0,pat_20211228_152625_5467383857_600_800.png,/scratch/parceirosbr/bigoilict/share/BigOil/document_generator/datasets/documents_2021_12_28/pat_20211228_152625_5467383857_600_800.png,pat_20211228_152625_5467383857_600_800_mask.png,34.2
9,3,18,7,205,335,223,342,205,335,223,335,223,342,205,342,sub_line_text,table_text,table_0,courier,bold,8.0,pat_20211228_152625_5467383857_600_800.png,/scratch/parceirosbr/bigoilict/share/BigOil/document_generator/datasets/documents_2021_12_28/pat_20211228_152625_5467383857_600_800.png,pat_20211228_152625_5467383857_600_800_mask.png,34.2
9,3,18,7,205,346,223,353,205,346,223,346,223,353,205,353,text,table_text,table_0,courier,bold,8.0,pat_20211228_152625_5467383857_600_800.png,/scratch/parceirosbr/bigoilict/share/BigOil/document_generator/datasets/documents_2021_12_28/pat_20211228_152625_5467383857_600_800.png,pat_20211228_152625_5467383857_600_800_mask.png,47.4
9,3,18,7,205,346,223,353,205,346,223,346,223,353,205,353,sub_line_text,table_text,table_0,courier,bold,8.0,pat_20211228_152625_5467383857_600_800.png,/scratch/parceirosbr/bigoilict/share/BigOil/document_generator/datasets/documents_2021_12_28/pat_20211228_152625_5467383857_600_800.png,pat_20211228_152625_5467383857_600_800_mask.png,47.4
9,3,18,7,205,356,223,363,205,356,223,356,223,363,205,363,text,table_text,table_0,courier,bold,8.0,pat_20211228_152625_5467383857_600_800.png,/scratch/parceirosbr/bigoilict/share/BigOil/document_generator/datasets/documents_2021_12_28/pat_20211228_152625_5467383857_600_800.png,pat_20211228_152625_5467383857_600_800_mask.png,93.4
9,3,18,7,205,356,223,363,205,356,223,356,223,363,205,363,sub_line_text,table_text,table_0,courier,bold,8.0,pat_20211228_152625_5467383857_600_800.png,/scratch/parceirosbr/bigoilict/share/BigOil/document_generator/datasets/documents_2021_12_28/pat_20211228_152625_5467383857_600_800.png,pat_20211228_152625_5467383857_600_800_mask.png,93.4
11,3,23,7,201,367,224,374,201,367,224,367,224,374,201,374,text,table_text,table_0,courier,bold,8.0,pat_20211228_152625_5467383857_600_800.png,/scratch/parceirosbr/bigoilict/share/BigOil/document_generator/datasets/documents_2021_12_28/pat_20211228_152625_5467383857_600_800.png,pat_20211228_152625_5467383857_600_800_mask.png,722.3
11,3,23,7,201,367,224,374,201,367,224,367,224,374,201,374,sub_line_text,table_text,table_0,courier,bold,8.0,pat_20211228_152625_5467383857_600_800.png,/scratch/parceirosbr/bigoilict/share/BigOil/document_generator/datasets/documents_2021_12_28/pat_20211228_152625_5467383857_600_800.png,pat_20211228_152625_5467383857_600_800_mask.png,722.3
9,3,18,7,205,377,223,384,205,377,223,377,223,384,205,384,text,table_text,table_0,courier,bold,8.0,pat_20211228_152625_5467383857_600_800.png,/scratch/parceirosbr/bigoilict/share/BigOil/document_generator/datasets/documents_2021_12_28/pat_20211228_152625_5467383857_600_800.png,pat_20211228_152625_5467383857_600_800_mask.png,39.7
9,3,18,7,205,377,223,384,205,377,223,377,223,384,205,384,sub_line_text,table_text,table_0,courier,bold,8.0,pat_20211228_152625_5467383857_600_800.png,/scratch/parceirosbr/bigoilict/share/BigOil/document_generator/datasets/documents_2021_12_28/pat_20211228_152625_5467383857_600_800.png,pat_20211228_152625_5467383857_600_800_mask.png,39.7
11,3,23,7,201,387,224,394,201,387,224,387,224,394,201,394,text,table_text,table_0,courier,bold,8.0,pat_20211228_152625_5467383857_600_800.png,/scratch/parceirosbr/bigoilict/share/BigOil/document_generator/datasets/documents_2021_12_28/pat_20211228_152625_5467383857_600_800.png,pat_20211228_152625_5467383857_600_800_mask.png,681.3
11,3,23,7,201,387,224,394,201,387,224,387,224,394,201,394,sub_line_text,table_text,table_0,courier,bold,8.0,pat_20211228_152625_5467383857_600_800.png,/scratch/parceirosbr/bigoilict/share/BigOil/document_generator/datasets/documents_2021_12_28/pat_20211228_152625_5467383857_600_800.png,pat_20211228_152625_5467383857_600_800_mask.png,681.3
11,3,23,7,201,398,224,405,201,398,224,398,224,405,201,405,text,table_text,table_0,courier,bold,8.0,pat_20211228_152625_5467383857_600_800.png,/scratch/parceirosbr/bigoilict/share/BigOil/document_generator/datasets/documents_2021_12_28/pat_20211228_152625_5467383857_600_800.png,pat_20211228_152625_5467383857_600_800_mask.png,517.4
11,3,23,7,201,398,224,405,201,398,224,398,224,405,201,405,sub_line_text,table_text,table_0,courier,bold,8.0,pat_20211228_152625_5467383857_600_800.png,/scratch/parceirosbr/bigoilict/share/BigOil/document_generator/datasets/documents_2021_12_28/pat_20211228_152625_5467383857_600_800.png,pat_20211228_152625_5467383857_600_800_mask.png,517.4
11,3,23,7,201,408,224,415,201,408,224,408,224,415,201,415,text,table_text,table_0,courier,bold,8.0,pat_20211228_152625_5467383857_600_800.png,/scratch/parceirosbr/bigoilict/share/BigOil/document_generator/datasets/documents_2021_12_28/pat_20211228_152625_5467383857_600_800.png,pat_20211228_152625_5467383857_600_800_mask.png,228.9
11,3,23,7,201,408,224,415,201,408,224,408,224,415,201,415,sub_line_text,table_text,table_0,courier,bold,8.0,pat_20211228_152625_5467383857_600_800.png,/scratch/parceirosbr/bigoilict/share/BigOil/document_generator/datasets/documents_2021_12_28/pat_20211228_152625_5467383857_600_800.png,pat_20211228_152625_5467383857_600_800_mask.png,228.9
9,3,18,7,205,418,223,425,205,418,223,418,223,425,205,425,text,table_text,table_0,courier,bold,8.0,pat_20211228_152625_5467383857_600_800.png,/scratch/parceirosbr/bigoilict/share/BigOil/document_generator/datasets/documents_2021_12_28/pat_20211228_152625_5467383857_600_800.png,pat_20211228_152625_5467383857_600_800_mask.png,51.6
9,3,18,7,205,418,223,425,205,418,223,418,223,425,205,425,sub_line_text,table_text,table_0,courier,bold,8.0,pat_20211228_152625_5467383857_600_800.png,/scratch/parceirosbr/bigoilict/share/BigOil/document_generator/datasets/documents_2021_12_28/pat_20211228_152625_5467383857_600_800.png,pat_20211228_152625_5467383857_600_800_mask.png,51.6
9,3,18,7,205,429,223,436,205,429,223,429,223,436,205,436,text,table_text,table_0,courier,bold,8.0,pat_20211228_152625_5467383857_600_800.png,/scratch/parceirosbr/bigoilict/share/BigOil/document_generator/datasets/documents_2021_12_28/pat_20211228_152625_5467383857_600_800.png,pat_20211228_152625_5467383857_600_800_mask.png,64.7
9,3,18,7,205,429,223,436,205,429,223,429,223,436,205,436,sub_line_text,table_text,table_0,courier,bold,8.0,pat_20211228_152625_5467383857_600_800.png,/scratch/parceirosbr/bigoilict/share/BigOil/document_generator/datasets/documents_2021_12_28/pat_20211228_152625_5467383857_600_800.png,pat_20211228_152625_5467383857_600_800_mask.png,64.7
9,3,18,7,205,439,223,446,205,439,223,439,223,446,205,446,text,table_text,table_0,courier,bold,8.0,pat_20211228_152625_5467383857_600_800.png,/scratch/parceirosbr/bigoilict/share/BigOil/document_generator/datasets/documents_2021_12_28/pat_20211228_152625_5467383857_600_800.png,pat_20211228_152625_5467383857_600_800_mask.png,10.1
9,3,18,7,205,439,223,446,205,439,223,439,223,446,205,446,sub_line_text,table_text,table_0,courier,bold,8.0,pat_20211228_152625_5467383857_600_800.png,/scratch/parceirosbr/bigoilict/share/BigOil/document_generator/datasets/documents_2021_12_28/pat_20211228_152625_5467383857_600_800.png,pat_20211228_152625_5467383857_600_800_mask.png,10.1
11,4,23,8,233,304,256,312,233,304,256,304,256,312,233,312,text,table_text,table_0,courier,regular,8.0,pat_20211228_152625_5467383857_600_800.png,/scratch/parceirosbr/bigoilict/share/BigOil/document_generator/datasets/documents_2021_12_28/pat_20211228_152625_5467383857_600_800.png,pat_20211228_152625_5467383857_600_800_mask.png,geram
11,4,23,8,233,304,256,312,233,304,256,304,256,312,233,312,sub_line_text,table_text,table_0,courier,regular,8.0,pat_20211228_152625_5467383857_600_800.png,/scratch/parceirosbr/bigoilict/share/BigOil/document_generator/datasets/documents_2021_12_28/pat_20211228_152625_5467383857_600_800.png,pat_20211228_152625_5467383857_600_800_mask.png,geram
14,3,28,7,231,315,259,322,231,315,259,315,259,322,231,322,text,table_text,table_0,courier,bold,8.0,pat_20211228_152625_5467383857_600_800.png,/scratch/parceirosbr/bigoilict/share/BigOil/document_generator/datasets/documents_2021_12_28/pat_20211228_152625_5467383857_600_800.png,pat_20211228_152625_5467383857_600_800_mask.png,fatode
14,3,28,7,231,315,259,322,231,315,259,315,259,322,231,322,sub_line_text,table_text,table_0,courier,bold,8.0,pat_20211228_152625_5467383857_600_800.png,/scratch/parceirosbr/bigoilict/share/BigOil/document_generator/datasets/documents_2021_12_28/pat_20211228_152625_5467383857_600_800.png,pat_20211228_152625_5467383857_600_800_mask.png,fatode
11,3,23,7,233,325,256,332,233,325,256,325,256,332,233,332,text,table_text,table_0,courier,bold,8.0,pat_20211228_152625_5467383857_600_800.png,/scratch/parceirosbr/bigoilict/share/BigOil/document_generator/datasets/documents_2021_12_28/pat_20211228_152625_5467383857_600_800.png,pat_20211228_152625_5467383857_600_800_mask.png,setor
11,3,23,7,233,325,256,332,233,325,256,325,256,332,233,332,sub_line_text,table_text,table_0,courier,bold,8.0,pat_20211228_152625_5467383857_600_800.png,/scratch/parceirosbr/bigoilict/share/BigOil/document_generator/datasets/documents_2021_12_28/pat_20211228_152625_5467383857_600_800.png,pat_20211228_152625_5467383857_600_800_mask.png,setor
14,3,28,7,231,335,259,342,231,335,259,335,259,342,231,342,text,table_text,table_0,courier,bold,8.0,pat_20211228_152625_5467383857_600_800.png,/scratch/parceirosbr/bigoilict/share/BigOil/document_generator/datasets/documents_2021_12_28/pat_20211228_152625_5467383857_600_800.png,pat_20211228_152625_5467383857_600_800_mask.png,refino
14,3,28,7,231,335,259,342,231,335,259,335,259,342,231,342,sub_line_text,table_text,table_0,courier,bold,8.0,pat_20211228_152625_5467383857_600_800.png,/scratch/parceirosbr/bigoilict/share/BigOil/document_generator/datasets/documents_2021_12_28/pat_20211228_152625_5467383857_600_800.png,pat_20211228_152625_5467383857_600_800_mask.png,refino
9,3,18,7,235,346,253,353,235,346,253,346,253,353,235,353,text,table_text,table_0,courier,bold,8.0,pat_20211228_152625_5467383857_600_800.png,/scratch/parceirosbr/bigoilict/share/BigOil/document_generator/datasets/documents_2021_12_28/pat_20211228_152625_5467383857_600_800.png,pat_20211228_152625_5467383857_600_800_mask.png,data
9,3,18,7,235,346,253,353,235,346,253,346,253,353,235,353,sub_line_text,table_text,table_0,courier,bold,8.0,pat_20211228_152625_5467383857_600_800.png,/scratch/parceirosbr/bigoilict/share/BigOil/document_generator/datasets/documents_2021_12_28/pat_20211228_152625_5467383857_600_800.png,pat_20211228_152625_5467383857_600_800_mask.png,data
7,3,14,7,237,356,251,363,237,356,251,356,251,363,237,363,text,table_text,table_0,courier,bold,8.0,pat_20211228_152625_5467383857_600_800.png,/scratch/parceirosbr/bigoilict/share/BigOil/document_generator/datasets/documents_2021_12_28/pat_20211228_152625_5467383857_600_800.png,pat_20211228_152625_5467383857_600_800_mask.png,uma
7,3,14,7,237,356,251,363,237,356,251,356,251,363,237,363,sub_line_text,table_text,table_0,courier,bold,8.0,pat_20211228_152625_5467383857_600_800.png,/scratch/parceirosbr/bigoilict/share/BigOil/document_generator/datasets/documents_2021_12_28/pat_20211228_152625_5467383857_600_800.png,pat_20211228_152625_5467383857_600_800_mask.png,uma
7,3,14,7,237,367,251,374,237,367,251,367,251,374,237,374,text,table_text,table_0,courier,bold,8.0,pat_20211228_152625_5467383857_600_800.png,/scratch/parceirosbr/bigoilict/share/BigOil/document_generator/datasets/documents_2021_12_28/pat_20211228_152625_5467383857_600_800.png,pat_20211228_152625_5467383857_600_800_mask.png,dos
7,3,14,7,237,367,251,374,237,367,251,367,251,374,237,374,sub_line_text,table_text,table_0,courier,bold,8.0,pat_20211228_152625_5467383857_600_800.png,/scratch/parceirosbr/bigoilict/share/BigOil/document_generator/datasets/documents_2021_12_28/pat_20211228_152625_5467383857_600_800.png,pat_20211228_152625_5467383857_600_800_mask.png,dos
11,3,23,7,233,377,256,384,233,377,256,377,256,384,233,384,text,table_text,table_0,courier,bold,8.0,pat_20211228_152625_5467383857_600_800.png,/scratch/parceirosbr/bigoilict/share/BigOil/document_generator/datasets/documents_2021_12_28/pat_20211228_152625_5467383857_600_800.png,pat_20211228_152625_5467383857_600_800_mask.png,entre
11,3,23,7,233,377,256,384,233,377,256,377,256,384,233,384,sub_line_text,table_text,table_0,courier,bold,8.0,pat_20211228_152625_5467383857_600_800.png,/scratch/parceirosbr/bigoilict/share/BigOil/document_generator/datasets/documents_2021_12_28/pat_20211228_152625_5467383857_600_800.png,pat_20211228_152625_5467383857_600_800_mask.png,entre
4,3,9,7,240,387,249,394,240,387,249,387,249,394,240,394,text,table_text,table_0,courier,bold,8.0,pat_20211228_152625_5467383857_600_800.png,/scratch/parceirosbr/bigoilict/share/BigOil/document_generator/datasets/documents_2021_12_28/pat_20211228_152625_5467383857_600_800.png,pat_20211228_152625_5467383857_600_800_mask.png,às
4,3,9,7,240,387,249,394,240,387,249,387,249,394,240,394,sub_line_text,table_text,table_0,courier,bold,8.0,pat_20211228_152625_5467383857_600_800.png,/scratch/parceirosbr/bigoilict/share/BigOil/document_generator/datasets/documents_2021_12_28/pat_20211228_152625_5467383857_600_800.png,pat_20211228_152625_5467383857_600_800_mask.png,às
9,3,18,7,235,398,253,405,235,398,253,398,253,405,235,405,text,table_text,table_0,courier,bold,8.0,pat_20211228_152625_5467383857_600_800.png,/scratch/parceirosbr/bigoilict/share/BigOil/document_generator/datasets/documents_2021_12_28/pat_20211228_152625_5467383857_600_800.png,pat_20211228_152625_5467383857_600_800_mask.png,caso
9,3,18,7,235,398,253,405,235,398,253,398,253,405,235,405,sub_line_text,table_text,table_0,courier,bold,8.0,pat_20211228_152625_5467383857_600_800.png,/scratch/parceirosbr/bigoilict/share/BigOil/document_generator/datasets/documents_2021_12_28/pat_20211228_152625_5467383857_600_800.png,pat_20211228_152625_5467383857_600_800_mask.png,caso
4,3,9,7,240,408,249,415,240,408,249,408,249,415,240,415,text,table_text,table_0,courier,bold,8.0,pat_20211228_152625_5467383857_600_800.png,/scratch/parceirosbr/bigoilict/share/BigOil/document_generator/datasets/documents_2021_12_28/pat_20211228_152625_5467383857_600_800.png,pat_20211228_152625_5467383857_600_800_mask.png,às
4,3,9,7,240,408,249,415,240,408,249,408,249,415,240,415,sub_line_text,table_text,table_0,courier,bold,8.0,pat_20211228_152625_5467383857_600_800.png,/scratch/parceirosbr/bigoilict/share/BigOil/document_generator/datasets/documents_2021_12_28/pat_20211228_152625_5467383857_600_800.png,pat_20211228_152625_5467383857_600_800_mask.png,às
4,3,9,7,240,418,249,425,240,418,249,418,249,425,240,425,text,table_text,table_0,courier,bold,8.0,pat_20211228_152625_5467383857_600_800.png,/scratch/parceirosbr/bigoilict/share/BigOil/document_generator/datasets/documents_2021_12_28/pat_20211228_152625_5467383857_600_800.png,pat_20211228_152625_5467383857_600_800_mask.png,no
4,3,9,7,240,418,249,425,240,418,249,418,249,425,240,425,sub_line_text,table_text,table_0,courier,bold,8.0,pat_20211228_152625_5467383857_600_800.png,/scratch/parceirosbr/bigoilict/share/BigOil/document_generator/datasets/documents_2021_12_28/pat_20211228_152625_5467383857_600_800.png,pat_20211228_152625_5467383857_600_800_mask.png,no
7,3,14,7,237,429,251,436,237,429,251,429,251,436,237,436,text,table_text,table_0,courier,bold,8.0,pat_20211228_152625_5467383857_600_800.png,/scratch/parceirosbr/bigoilict/share/BigOil/document_generator/datasets/documents_2021_12_28/pat_20211228_152625_5467383857_600_800.png,pat_20211228_152625_5467383857_600_800_mask.png,com
7,3,14,7,237,429,251,436,237,429,251,429,251,436,237,436,sub_line_text,table_text,table_0,courier,bold,8.0,pat_20211228_152625_5467383857_600_800.png,/scratch/parceirosbr/bigoilict/share/BigOil/document_generator/datasets/documents_2021_12_28/pat_20211228_152625_5467383857_600_800.png,pat_20211228_152625_5467383857_600_800_mask.png,com
14,3,28,7,231,439,259,446,231,439,259,439,259,446,231,446,text,table_text,table_0,courier,bold,8.0,pat_20211228_152625_5467383857_600_800.png,/scratch/parceirosbr/bigoilict/share/BigOil/document_generator/datasets/documents_2021_12_28/pat_20211228_152625_5467383857_600_800.png,pat_20211228_152625_5467383857_600_800_mask.png,fatode
14,3,28,7,231,439,259,446,231,439,259,439,259,446,231,446,sub_line_text,table_text,table_0,courier,bold,8.0,pat_20211228_152625_5467383857_600_800.png,/scratch/parceirosbr/bigoilict/share/BigOil/document_generator/datasets/documents_2021_12_28/pat_20211228_152625_5467383857_600_800.png,pat_20211228_152625_5467383857_600_800_mask.png,fatode
16,4,32,8,277,304,309,312,277,304,309,304,309,312,277,312,text,table_text,table_0,courier,regular,8.0,pat_20211228_152625_5467383857_600_800.png,/scratch/parceirosbr/bigoilict/share/BigOil/document_generator/datasets/documents_2021_12_28/pat_20211228_152625_5467383857_600_800.png,pat_20211228_152625_5467383857_600_800_mask.png,reunião
16,4,32,8,277,304,309,312,277,304,309,304,309,312,277,312,sub_line_text,table_text,table_0,courier,regular,8.0,pat_20211228_152625_5467383857_600_800.png,/scratch/parceirosbr/bigoilict/share/BigOil/document_generator/datasets/documents_2021_12_28/pat_20211228_152625_5467383857_600_800.png,pat_20211228_152625_5467383857_600_800_mask.png,reunião
23,3,47,7,269,315,316,322,269,315,316,315,316,322,269,322,text,table_text,table_0,courier,bold,8.0,pat_20211228_152625_5467383857_600_800.png,/scratch/parceirosbr/bigoilict/share/BigOil/document_generator/datasets/documents_2021_12_28/pat_20211228_152625_5467383857_600_800.png,pat_20211228_152625_5467383857_600_800_mask.png,apresentam
23,3,47,7,269,315,316,322,269,315,316,315,316,322,269,322,sub_line_text,table_text,table_0,courier,bold,8.0,pat_20211228_152625_5467383857_600_800.png,/scratch/parceirosbr/bigoilict/share/BigOil/document_generator/datasets/documents_2021_12_28/pat_20211228_152625_5467383857_600_800.png,pat_20211228_152625_5467383857_600_800_mask.png,apresentam
23,3,47,7,269,325,316,332,269,325,316,325,316,332,269,332,text,table_text,table_0,courier,bold,8.0,pat_20211228_152625_5467383857_600_800.png,/scratch/parceirosbr/bigoilict/share/BigOil/document_generator/datasets/documents_2021_12_28/pat_20211228_152625_5467383857_600_800.png,pat_20211228_152625_5467383857_600_800_mask.png,cinéticade
23,3,47,7,269,325,316,332,269,325,316,325,316,332,269,332,sub_line_text,table_text,table_0,courier,bold,8.0,pat_20211228_152625_5467383857_600_800.png,/scratch/parceirosbr/bigoilict/share/BigOil/document_generator/datasets/documents_2021_12_28/pat_20211228_152625_5467383857_600_800.png,pat_20211228_152625_5467383857_600_800_mask.png,cinéticade
7,3,14,7,286,335,300,342,286,335,300,335,300,342,286,342,text,table_text,table_0,courier,bold,8.0,pat_20211228_152625_5467383857_600_800.png,/scratch/parceirosbr/bigoilict/share/BigOil/document_generator/datasets/documents_2021_12_28/pat_20211228_152625_5467383857_600_800.png,pat_20211228_152625_5467383857_600_800_mask.png,das
7,3,14,7,286,335,300,342,286,335,300,335,300,342,286,342,sub_line_text,table_text,table_0,courier,bold,8.0,pat_20211228_152625_5467383857_600_800.png,/scratch/parceirosbr/bigoilict/share/BigOil/document_generator/datasets/documents_2021_12_28/pat_20211228_152625_5467383857_600_800.png,pat_20211228_152625_5467383857_600_800_mask.png,das
11,3,23,7,281,346,304,353,281,346,304,346,304,353,281,353,text,table_text,table_0,courier,bold,8.0,pat_20211228_152625_5467383857_600_800.png,/scratch/parceirosbr/bigoilict/share/BigOil/document_generator/datasets/documents_2021_12_28/pat_20211228_152625_5467383857_600_800.png,pat_20211228_152625_5467383857_600_800_mask.png,épela
11,3,23,7,281,346,304,353,281,346,304,346,304,353,281,353,sub_line_text,table_text,table_0,courier,bold,8.0,pat_20211228_152625_5467383857_600_800.png,/scratch/parceirosbr/bigoilict/share/BigOil/document_generator/datasets/documents_2021_12_28/pat_20211228_152625_5467383857_600_800.png,pat_20211228_152625_5467383857_600_800_mask.png,épela
16,3,33,7,277,356,310,363,277,356,310,356,310,363,277,363,text,table_text,table_0,courier,bold,8.0,pat_20211228_152625_5467383857_600_800.png,/scratch/parceirosbr/bigoilict/share/BigOil/document_generator/datasets/documents_2021_12_28/pat_20211228_152625_5467383857_600_800.png,pat_20211228_152625_5467383857_600_800_mask.png,produto
16,3,33,7,277,356,310,363,277,356,310,356,310,363,277,363,sub_line_text,table_text,table_0,courier,bold,8.0,pat_20211228_152625_5467383857_600_800.png,/scratch/parceirosbr/bigoilict/share/BigOil/document_generator/datasets/documents_2021_12_28/pat_20211228_152625_5467383857_600_800.png,pat_20211228_152625_5467383857_600_800_mask.png,produto
11,3,23,7,281,367,304,374,281,367,304,367,304,374,281,374,text,table_text,table_0,courier,bold,8.0,pat_20211228_152625_5467383857_600_800.png,/scratch/parceirosbr/bigoilict/share/BigOil/document_generator/datasets/documents_2021_12_28/pat_20211228_152625_5467383857_600_800.png,pat_20211228_152625_5467383857_600_800_mask.png,apelo
11,3,23,7,281,367,304,374,281,367,304,367,304,374,281,374,sub_line_text,table_text,table_0,courier,bold,8.0,pat_20211228_152625_5467383857_600_800.png,/scratch/parceirosbr/bigoilict/share/BigOil/document_generator/datasets/documents_2021_12_28/pat_20211228_152625_5467383857_600_800.png,pat_20211228_152625_5467383857_600_800_mask.png,apelo
23,3,47,7,269,377,316,384,269,377,316,377,316,384,269,384,text,table_text,table_0,courier,bold,8.0,pat_20211228_152625_5467383857_600_800.png,/scratch/parceirosbr/bigoilict/share/BigOil/document_generator/datasets/documents_2021_12_28/pat_20211228_152625_5467383857_600_800.png,pat_20211228_152625_5467383857_600_800_mask.png,apresentam
23,3,47,7,269,377,316,384,269,377,316,377,316,384,269,384,sub_line_text,table_text,table_0,courier,bold,8.0,pat_20211228_152625_5467383857_600_800.png,/scratch/parceirosbr/bigoilict/share/BigOil/document_generator/datasets/documents_2021_12_28/pat_20211228_152625_5467383857_600_800.png,pat_20211228_152625_5467383857_600_800_mask.png,apresentam
16,3,33,7,277,387,310,394,277,387,310,387,310,394,277,394,text,table_text,table_0,courier,bold,8.0,pat_20211228_152625_5467383857_600_800.png,/scratch/parceirosbr/bigoilict/share/BigOil/document_generator/datasets/documents_2021_12_28/pat_20211228_152625_5467383857_600_800.png,pat_20211228_152625_5467383857_600_800_mask.png,produto
16,3,33,7,277,387,310,394,277,387,310,387,310,394,277,394,sub_line_text,table_text,table_0,courier,bold,8.0,pat_20211228_152625_5467383857_600_800.png,/scratch/parceirosbr/bigoilict/share/BigOil/document_generator/datasets/documents_2021_12_28/pat_20211228_152625_5467383857_600_800.png,pat_20211228_152625_5467383857_600_800_mask.png,produto
7,3,15,7,286,398,301,405,286,398,301,398,301,405,286,405,text,table_text,table_0,courier,bold,8.0,pat_20211228_152625_5467383857_600_800.png,/scratch/parceirosbr/bigoilict/share/BigOil/document_generator/datasets/documents_2021_12_28/pat_20211228_152625_5467383857_600_800.png,pat_20211228_152625_5467383857_600_800_mask.png,por
7,3,15,7,286,398,301,405,286,398,301,398,301,405,286,405,sub_line_text,table_text,table_0,courier,bold,8.0,pat_20211228_152625_5467383857_600_800.png,/scratch/parceirosbr/bigoilict/share/BigOil/document_generator/datasets/documents_2021_12_28/pat_20211228_152625_5467383857_600_800.png,pat_20211228_152625_5467383857_600_800_mask.png,por
16,3,33,7,277,408,310,415,277,408,310,408,310,415,277,415,text,table_text,table_0,courier,bold,8.0,pat_20211228_152625_5467383857_600_800.png,/scratch/parceirosbr/bigoilict/share/BigOil/document_generator/datasets/documents_2021_12_28/pat_20211228_152625_5467383857_600_800.png,pat_20211228_152625_5467383857_600_800_mask.png,mistura
16,3,33,7,277,408,310,415,277,408,310,408,310,415,277,415,sub_line_text,table_text,table_0,courier,bold,8.0,pat_20211228_152625_5467383857_600_800.png,/scratch/parceirosbr/bigoilict/share/BigOil/document_generator/datasets/documents_2021_12_28/pat_20211228_152625_5467383857_600_800.png,pat_20211228_152625_5467383857_600_800_mask.png,mistura
4,3,9,7,288,418,297,425,288,418,297,418,297,425,288,425,text,table_text,table_0,courier,bold,8.0,pat_20211228_152625_5467383857_600_800.png,/scratch/parceirosbr/bigoilict/share/BigOil/document_generator/datasets/documents_2021_12_28/pat_20211228_152625_5467383857_600_800.png,pat_20211228_152625_5467383857_600_800_mask.png,já
4,3,9,7,288,418,297,425,288,418,297,418,297,425,288,425,sub_line_text,table_text,table_0,courier,bold,8.0,pat_20211228_152625_5467383857_600_800.png,/scratch/parceirosbr/bigoilict/share/BigOil/document_generator/datasets/documents_2021_12_28/pat_20211228_152625_5467383857_600_800.png,pat_20211228_152625_5467383857_600_800_mask.png,já
7,3,14,7,286,429,300,436,286,429,300,429,300,436,286,436,text,table_text,table_0,courier,bold,8.0,pat_20211228_152625_5467383857_600_800.png,/scratch/parceirosbr/bigoilict/share/BigOil/document_generator/datasets/documents_2021_12_28/pat_20211228_152625_5467383857_600_800.png,pat_20211228_152625_5467383857_600_800_mask.png,uma
7,3,14,7,286,429,300,436,286,429,300,429,300,436,286,436,sub_line_text,table_text,table_0,courier,bold,8.0,pat_20211228_152625_5467383857_600_800.png,/scratch/parceirosbr/bigoilict/share/BigOil/document_generator/datasets/documents_2021_12_28/pat_20211228_152625_5467383857_600_800.png,pat_20211228_152625_5467383857_600_800_mask.png,uma
16,3,32,7,277,439,309,446,277,439,309,439,309,446,277,446,text,table_text,table_0,courier,bold,8.0,pat_20211228_152625_5467383857_600_800.png,/scratch/parceirosbr/bigoilict/share/BigOil/document_generator/datasets/documents_2021_12_28/pat_20211228_152625_5467383857_600_800.png,pat_20211228_152625_5467383857_600_800_mask.png,sentido
16,3,32,7,277,439,309,446,277,439,309,439,309,446,277,446,sub_line_text,table_text,table_0,courier,bold,8.0,pat_20211228_152625_5467383857_600_800.png,/scratch/parceirosbr/bigoilict/share/BigOil/document_generator/datasets/documents_2021_12_28/pat_20211228_152625_5467383857_600_800.png,pat_20211228_152625_5467383857_600_800_mask.png,sentido
4,4,9,8,364,304,373,312,364,304,373,304,373,312,364,312,text,table_text,table_0,courier,regular,8.0,pat_20211228_152625_5467383857_600_800.png,/scratch/parceirosbr/bigoilict/share/BigOil/document_generator/datasets/documents_2021_12_28/pat_20211228_152625_5467383857_600_800.png,pat_20211228_152625_5467383857_600_800_mask.png,um
4,4,9,8,364,304,373,312,364,304,373,304,373,312,364,312,sub_line_text,table_text,table_0,courier,regular,8.0,pat_20211228_152625_5467383857_600_800.png,/scratch/parceirosbr/bigoilict/share/BigOil/document_generator/datasets/documents_2021_12_28/pat_20211228_152625_5467383857_600_800.png,pat_20211228_152625_5467383857_600_800_mask.png,um
23,3,47,7,327,315,374,322,327,315,374,315,374,322,327,322,text,table_text,table_0,courier,bold,8.0,pat_20211228_152625_5467383857_600_800.png,/scratch/parceirosbr/bigoilict/share/BigOil/document_generator/datasets/documents_2021_12_28/pat_20211228_152625_5467383857_600_800.png,pat_20211228_152625_5467383857_600_800_mask.png,18439617.4
23,3,47,7,327,315,374,322,327,315,374,315,374,322,327,322,sub_line_text,table_text,table_0,courier,bold,8.0,pat_20211228_152625_5467383857_600_800.png,/scratch/parceirosbr/bigoilict/share/BigOil/document_generator/datasets/documents_2021_12_28/pat_20211228_152625_5467383857_600_800.png,pat_20211228_152625_5467383857_600_800_mask.png,18439617.4
23,3,47,7,327,325,374,332,327,325,374,325,374,332,327,332,text,table_text,table_0,courier,bold,8.0,pat_20211228_152625_5467383857_600_800.png,/scratch/parceirosbr/bigoilict/share/BigOil/document_generator/datasets/documents_2021_12_28/pat_20211228_152625_5467383857_600_800.png,pat_20211228_152625_5467383857_600_800_mask.png,70130114.6
23,3,47,7,327,325,374,332,327,325,374,325,374,332,327,332,sub_line_text,table_text,table_0,courier,bold,8.0,pat_20211228_152625_5467383857_600_800.png,/scratch/parceirosbr/bigoilict/share/BigOil/document_generator/datasets/documents_2021_12_28/pat_20211228_152625_5467383857_600_800.png,pat_20211228_152625_5467383857_600_800_mask.png,70130114.6
23,3,47,7,327,335,374,342,327,335,374,335,374,342,327,342,text,table_text,table_0,courier,bold,8.0,pat_20211228_152625_5467383857_600_800.png,/scratch/parceirosbr/bigoilict/share/BigOil/document_generator/datasets/documents_2021_12_28/pat_20211228_152625_5467383857_600_800.png,pat_20211228_152625_5467383857_600_800_mask.png,82458394.0
23,3,47,7,327,335,374,342,327,335,374,335,374,342,327,342,sub_line_text,table_text,table_0,courier,bold,8.0,pat_20211228_152625_5467383857_600_800.png,/scratch/parceirosbr/bigoilict/share/BigOil/document_generator/datasets/documents_2021_12_28/pat_20211228_152625_5467383857_600_800.png,pat_20211228_152625_5467383857_600_800_mask.png,82458394.0
23,3,47,7,327,346,374,353,327,346,374,346,374,353,327,353,text,table_text,table_0,courier,bold,8.0,pat_20211228_152625_5467383857_600_800.png,/scratch/parceirosbr/bigoilict/share/BigOil/document_generator/datasets/documents_2021_12_28/pat_20211228_152625_5467383857_600_800.png,pat_20211228_152625_5467383857_600_800_mask.png,57016131.0
23,3,47,7,327,346,374,353,327,346,374,346,374,353,327,353,sub_line_text,table_text,table_0,courier,bold,8.0,pat_20211228_152625_5467383857_600_800.png,/scratch/parceirosbr/bigoilict/share/BigOil/document_generator/datasets/documents_2021_12_28/pat_20211228_152625_5467383857_600_800.png,pat_20211228_152625_5467383857_600_800_mask.png,57016131.0
23,3,47,7,327,356,374,363,327,356,374,356,374,363,327,363,text,table_text,table_0,courier,bold,8.0,pat_20211228_152625_5467383857_600_800.png,/scratch/parceirosbr/bigoilict/share/BigOil/document_generator/datasets/documents_2021_12_28/pat_20211228_152625_5467383857_600_800.png,pat_20211228_152625_5467383857_600_800_mask.png,40493267.2
23,3,47,7,327,356,374,363,327,356,374,356,374,363,327,363,sub_line_text,table_text,table_0,courier,bold,8.0,pat_20211228_152625_5467383857_600_800.png,/scratch/parceirosbr/bigoilict/share/BigOil/document_generator/datasets/documents_2021_12_28/pat_20211228_152625_5467383857_600_800.png,pat_20211228_152625_5467383857_600_800_mask.png,40493267.2
23,3,47,7,327,367,374,374,327,367,374,367,374,374,327,374,text,table_text,table_0,courier,bold,8.0,pat_20211228_152625_5467383857_600_800.png,/scratch/parceirosbr/bigoilict/share/BigOil/document_generator/datasets/documents_2021_12_28/pat_20211228_152625_5467383857_600_800.png,pat_20211228_152625_5467383857_600_800_mask.png,87421134.4
23,3,47,7,327,367,374,374,327,367,374,367,374,374,327,374,sub_line_text,table_text,table_0,courier,bold,8.0,pat_20211228_152625_5467383857_600_800.png,/scratch/parceirosbr/bigoilict/share/BigOil/document_generator/datasets/documents_2021_12_28/pat_20211228_152625_5467383857_600_800.png,pat_20211228_152625_5467383857_600_800_mask.png,87421134.4
23,3,47,7,327,377,374,384,327,377,374,377,374,384,327,384,text,table_text,table_0,courier,bold,8.0,pat_20211228_152625_5467383857_600_800.png,/scratch/parceirosbr/bigoilict/share/BigOil/document_generator/datasets/documents_2021_12_28/pat_20211228_152625_5467383857_600_800.png,pat_20211228_152625_5467383857_600_800_mask.png,25324837.9
23,3,47,7,327,377,374,384,327,377,374,377,374,384,327,384,sub_line_text,table_text,table_0,courier,bold,8.0,pat_20211228_152625_5467383857_600_800.png,/scratch/parceirosbr/bigoilict/share/BigOil/document_generator/datasets/documents_2021_12_28/pat_20211228_152625_5467383857_600_800.png,pat_20211228_152625_5467383857_600_800_mask.png,25324837.9
23,3,47,7,327,387,374,394,327,387,374,387,374,394,327,394,text,table_text,table_0,courier,bold,8.0,pat_20211228_152625_5467383857_600_800.png,/scratch/parceirosbr/bigoilict/share/BigOil/document_generator/datasets/documents_2021_12_28/pat_20211228_152625_5467383857_600_800.png,pat_20211228_152625_5467383857_600_800_mask.png,33017035.6
23,3,47,7,327,387,374,394,327,387,374,387,374,394,327,394,sub_line_text,table_text,table_0,courier,bold,8.0,pat_20211228_152625_5467383857_600_800.png,/scratch/parceirosbr/bigoilict/share/BigOil/document_generator/datasets/documents_2021_12_28/pat_20211228_152625_5467383857_600_800.png,pat_20211228_152625_5467383857_600_800_mask.png,33017035.6
23,3,47,7,327,398,374,405,327,398,374,398,374,405,327,405,text,table_text,table_0,courier,bold,8.0,pat_20211228_152625_5467383857_600_800.png,/scratch/parceirosbr/bigoilict/share/BigOil/document_generator/datasets/documents_2021_12_28/pat_20211228_152625_5467383857_600_800.png,pat_20211228_152625_5467383857_600_800_mask.png,41005779.7
23,3,47,7,327,398,374,405,327,398,374,398,374,405,327,405,sub_line_text,table_text,table_0,courier,bold,8.0,pat_20211228_152625_5467383857_600_800.png,/scratch/parceirosbr/bigoilict/share/BigOil/document_generator/datasets/documents_2021_12_28/pat_20211228_152625_5467383857_600_800.png,pat_20211228_152625_5467383857_600_800_mask.png,41005779.7
23,3,47,7,327,408,374,415,327,408,374,408,374,415,327,415,text,table_text,table_0,courier,bold,8.0,pat_20211228_152625_5467383857_600_800.png,/scratch/parceirosbr/bigoilict/share/BigOil/document_generator/datasets/documents_2021_12_28/pat_20211228_152625_5467383857_600_800.png,pat_20211228_152625_5467383857_600_800_mask.png,57514131.0
23,3,47,7,327,408,374,415,327,408,374,408,374,415,327,415,sub_line_text,table_text,table_0,courier,bold,8.0,pat_20211228_152625_5467383857_600_800.png,/scratch/parceirosbr/bigoilict/share/BigOil/document_generator/datasets/documents_2021_12_28/pat_20211228_152625_5467383857_600_800.png,pat_20211228_152625_5467383857_600_800_mask.png,57514131.0
23,3,47,7,327,418,374,425,327,418,374,418,374,425,327,425,text,table_text,table_0,courier,bold,8.0,pat_20211228_152625_5467383857_600_800.png,/scratch/parceirosbr/bigoilict/share/BigOil/document_generator/datasets/documents_2021_12_28/pat_20211228_152625_5467383857_600_800.png,pat_20211228_152625_5467383857_600_800_mask.png,87357174.5
23,3,47,7,327,418,374,425,327,418,374,418,374,425,327,425,sub_line_text,table_text,table_0,courier,bold,8.0,pat_20211228_152625_5467383857_600_800.png,/scratch/parceirosbr/bigoilict/share/BigOil/document_generator/datasets/documents_2021_12_28/pat_20211228_152625_5467383857_600_800.png,pat_20211228_152625_5467383857_600_800_mask.png,87357174.5
23,3,47,7,327,429,374,436,327,429,374,429,374,436,327,436,text,table_text,table_0,courier,bold,8.0,pat_20211228_152625_5467383857_600_800.png,/scratch/parceirosbr/bigoilict/share/BigOil/document_generator/datasets/documents_2021_12_28/pat_20211228_152625_5467383857_600_800.png,pat_20211228_152625_5467383857_600_800_mask.png,66372169.8
23,3,47,7,327,429,374,436,327,429,374,429,374,436,327,436,sub_line_text,table_text,table_0,courier,bold,8.0,pat_20211228_152625_5467383857_600_800.png,/scratch/parceirosbr/bigoilict/share/BigOil/document_generator/datasets/documents_2021_12_28/pat_20211228_152625_5467383857_600_800.png,pat_20211228_152625_5467383857_600_800_mask.png,66372169.8
23,3,47,7,327,439,374,446,327,439,374,439,374,446,327,446,text,table_text,table_0,courier,bold,8.0,pat_20211228_152625_5467383857_600_800.png,/scratch/parceirosbr/bigoilict/share/BigOil/document_generator/datasets/documents_2021_12_28/pat_20211228_152625_5467383857_600_800.png,pat_20211228_152625_5467383857_600_800_mask.png,53492195.7
23,3,47,7,327,439,374,446,327,439,374,439,374,446,327,446,sub_line_text,table_text,table_0,courier,bold,8.0,pat_20211228_152625_5467383857_600_800.png,/scratch/parceirosbr/bigoilict/share/BigOil/document_generator/datasets/documents_2021_12_28/pat_20211228_152625_5467383857_600_800.png,pat_20211228_152625_5467383857_600_800_mask.png,53492195.7
14,4,28,8,388,304,416,312,388,304,416,304,416,312,388,312,text,table_text,table_0,courier,regular,8.0,pat_20211228_152625_5467383857_600_800.png,/scratch/parceirosbr/bigoilict/share/BigOil/document_generator/datasets/documents_2021_12_28/pat_20211228_152625_5467383857_600_800.png,pat_20211228_152625_5467383857_600_800_mask.png,testes
14,4,28,8,388,304,416,312,388,304,416,304,416,312,388,312,sub_line_text,table_text,table_0,courier,regular,8.0,pat_20211228_152625_5467383857_600_800.png,/scratch/parceirosbr/bigoilict/share/BigOil/document_generator/datasets/documents_2021_12_28/pat_20211228_152625_5467383857_600_800.png,pat_20211228_152625_5467383857_600_800_mask.png,testes
14,3,28,7,388,315,416,322,388,315,416,315,416,322,388,322,text,table_text,table_0,courier,bold,8.0,pat_20211228_152625_5467383857_600_800.png,/scratch/parceirosbr/bigoilict/share/BigOil/document_generator/datasets/documents_2021_12_28/pat_20211228_152625_5467383857_600_800.png,pat_20211228_152625_5467383857_600_800_mask.png,9.8810
14,3,28,7,388,315,416,322,388,315,416,315,416,322,388,322,sub_line_text,table_text,table_0,courier,bold,8.0,pat_20211228_152625_5467383857_600_800.png,/scratch/parceirosbr/bigoilict/share/BigOil/document_generator/datasets/documents_2021_12_28/pat_20211228_152625_5467383857_600_800.png,pat_20211228_152625_5467383857_600_800_mask.png,9.8810
18,3,37,7,378,325,415,332,378,325,415,325,415,332,378,332,text,table_text,table_0,courier,bold,8.0,pat_20211228_152625_5467383857_600_800.png,/scratch/parceirosbr/bigoilict/share/BigOil/document_generator/datasets/documents_2021_12_28/pat_20211228_152625_5467383857_600_800.png,pat_20211228_152625_5467383857_600_800_mask.png,493.6092
18,3,37,7,378,325,415,332,378,325,415,325,415,332,378,332,sub_line_text,table_text,table_0,courier,bold,8.0,pat_20211228_152625_5467383857_600_800.png,/scratch/parceirosbr/bigoilict/share/BigOil/document_generator/datasets/documents_2021_12_28/pat_20211228_152625_5467383857_600_800.png,pat_20211228_152625_5467383857_600_800_mask.png,493.6092
14,3,28,7,388,335,416,342,388,335,416,335,416,342,388,342,text,table_text,table_0,courier,bold,8.0,pat_20211228_152625_5467383857_600_800.png,/scratch/parceirosbr/bigoilict/share/BigOil/document_generator/datasets/documents_2021_12_28/pat_20211228_152625_5467383857_600_800.png,pat_20211228_152625_5467383857_600_800_mask.png,6.1546
14,3,28,7,388,335,416,342,388,335,416,335,416,342,388,342,sub_line_text,table_text,table_0,courier,bold,8.0,pat_20211228_152625_5467383857_600_800.png,/scratch/parceirosbr/bigoilict/share/BigOil/document_generator/datasets/documents_2021_12_28/pat_20211228_152625_5467383857_600_800.png,pat_20211228_152625_5467383857_600_800_mask.png,6.1546
18,3,37,7,378,346,415,353,378,346,415,346,415,353,378,353,text,table_text,table_0,courier,bold,8.0,pat_20211228_152625_5467383857_600_800.png,/scratch/parceirosbr/bigoilict/share/BigOil/document_generator/datasets/documents_2021_12_28/pat_20211228_152625_5467383857_600_800.png,pat_20211228_152625_5467383857_600_800_mask.png,968.2584
18,3,37,7,378,346,415,353,378,346,415,346,415,353,378,353,sub_line_text,table_text,table_0,courier,bold,8.0,pat_20211228_152625_5467383857_600_800.png,/scratch/parceirosbr/bigoilict/share/BigOil/document_generator/datasets/documents_2021_12_28/pat_20211228_152625_5467383857_600_800.png,pat_20211228_152625_5467383857_600_800_mask.png,968.2584
14,3,28,7,388,356,416,363,388,356,416,356,416,363,388,363,text,table_text,table_0,courier,bold,8.0,pat_20211228_152625_5467383857_600_800.png,/scratch/parceirosbr/bigoilict/share/BigOil/document_generator/datasets/documents_2021_12_28/pat_20211228_152625_5467383857_600_800.png,pat_20211228_152625_5467383857_600_800_mask.png,6.1769
14,3,28,7,388,356,416,363,388,356,416,356,416,363,388,363,sub_line_text,table_text,table_0,courier,bold,8.0,pat_20211228_152625_5467383857_600_800.png,/scratch/parceirosbr/bigoilict/share/BigOil/document_generator/datasets/documents_2021_12_28/pat_20211228_152625_5467383857_600_800.png,pat_20211228_152625_5467383857_600_800_mask.png,6.1769
18,3,37,7,378,367,415,374,378,367,415,367,415,374,378,374,text,table_text,table_0,courier,bold,8.0,pat_20211228_152625_5467383857_600_800.png,/scratch/parceirosbr/bigoilict/share/BigOil/document_generator/datasets/documents_2021_12_28/pat_20211228_152625_5467383857_600_800.png,pat_20211228_152625_5467383857_600_800_mask.png,171.8703
18,3,37,7,378,367,415,374,378,367,415,367,415,374,378,374,sub_line_text,table_text,table_0,courier,bold,8.0,pat_20211228_152625_5467383857_600_800.png,/scratch/parceirosbr/bigoilict/share/BigOil/document_generator/datasets/documents_2021_12_28/pat_20211228_152625_5467383857_600_800.png,pat_20211228_152625_5467383857_600_800_mask.png,171.8703
14,3,28,7,388,377,416,384,388,377,416,377,416,384,388,384,text,table_text,table_0,courier,bold,8.0,pat_20211228_152625_5467383857_600_800.png,/scratch/parceirosbr/bigoilict/share/BigOil/document_generator/datasets/documents_2021_12_28/pat_20211228_152625_5467383857_600_800.png,pat_20211228_152625_5467383857_600_800_mask.png,9.0639
14,3,28,7,388,377,416,384,388,377,416,377,416,384,388,384,sub_line_text,table_text,table_0,courier,bold,8.0,pat_20211228_152625_5467383857_600_800.png,/scratch/parceirosbr/bigoilict/share/BigOil/document_generator/datasets/documents_2021_12_28/pat_20211228_152625_5467383857_600_800.png,pat_20211228_152625_5467383857_600_800_mask.png,9.0639
14,3,28,7,388,387,416,394,388,387,416,387,416,394,388,394,text,table_text,table_0,courier,bold,8.0,pat_20211228_152625_5467383857_600_800.png,/scratch/parceirosbr/bigoilict/share/BigOil/document_generator/datasets/documents_2021_12_28/pat_20211228_152625_5467383857_600_800.png,pat_20211228_152625_5467383857_600_800_mask.png,5.3655
14,3,28,7,388,387,416,394,388,387,416,387,416,394,388,394,sub_line_text,table_text,table_0,courier,bold,8.0,pat_20211228_152625_5467383857_600_800.png,/scratch/parceirosbr/bigoilict/share/BigOil/document_generator/datasets/documents_2021_12_28/pat_20211228_152625_5467383857_600_800.png,pat_20211228_152625_5467383857_600_800_mask.png,5.3655
14,3,28,7,388,398,416,405,388,398,416,398,416,405,388,405,text,table_text,table_0,courier,bold,8.0,pat_20211228_152625_5467383857_600_800.png,/scratch/parceirosbr/bigoilict/share/BigOil/document_generator/datasets/documents_2021_12_28/pat_20211228_152625_5467383857_600_800.png,pat_20211228_152625_5467383857_600_800_mask.png,8.7041
14,3,28,7,388,398,416,405,388,398,416,398,416,405,388,405,sub_line_text,table_text,table_0,courier,bold,8.0,pat_20211228_152625_5467383857_600_800.png,/scratch/parceirosbr/bigoilict/share/BigOil/document_generator/datasets/documents_2021_12_28/pat_20211228_152625_5467383857_600_800.png,pat_20211228_152625_5467383857_600_800_mask.png,8.7041
16,3,32,7,383,408,415,415,383,408,415,408,415,415,383,415,text,table_text,table_0,courier,bold,8.0,pat_20211228_152625_5467383857_600_800.png,/scratch/parceirosbr/bigoilict/share/BigOil/document_generator/datasets/documents_2021_12_28/pat_20211228_152625_5467383857_600_800.png,pat_20211228_152625_5467383857_600_800_mask.png,73.5245
16,3,32,7,383,408,415,415,383,408,415,408,415,415,383,415,sub_line_text,table_text,table_0,courier,bold,8.0,pat_20211228_152625_5467383857_600_800.png,/scratch/parceirosbr/bigoilict/share/BigOil/document_generator/datasets/documents_2021_12_28/pat_20211228_152625_5467383857_600_800.png,pat_20211228_152625_5467383857_600_800_mask.png,73.5245
16,3,32,7,383,418,415,425,383,418,415,418,415,425,383,425,text,table_text,table_0,courier,bold,8.0,pat_20211228_152625_5467383857_600_800.png,/scratch/parceirosbr/bigoilict/share/BigOil/document_generator/datasets/documents_2021_12_28/pat_20211228_152625_5467383857_600_800.png,pat_20211228_152625_5467383857_600_800_mask.png,97.6208
16,3,32,7,383,418,415,425,383,418,415,418,415,425,383,425,sub_line_text,table_text,table_0,courier,bold,8.0,pat_20211228_152625_5467383857_600_800.png,/scratch/parceirosbr/bigoilict/share/BigOil/document_generator/datasets/documents_2021_12_28/pat_20211228_152625_5467383857_600_800.png,pat_20211228_152625_5467383857_600_800_mask.png,97.6208
14,3,28,7,388,429,416,436,388,429,416,429,416,436,388,436,text,table_text,table_0,courier,bold,8.0,pat_20211228_152625_5467383857_600_800.png,/scratch/parceirosbr/bigoilict/share/BigOil/document_generator/datasets/documents_2021_12_28/pat_20211228_152625_5467383857_600_800.png,pat_20211228_152625_5467383857_600_800_mask.png,4.1928
14,3,28,7,388,429,416,436,388,429,416,429,416,436,388,436,sub_line_text,table_text,table_0,courier,bold,8.0,pat_20211228_152625_5467383857_600_800.png,/scratch/parceirosbr/bigoilict/share/BigOil/document_generator/datasets/documents_2021_12_28/pat_20211228_152625_5467383857_600_800.png,pat_20211228_152625_5467383857_600_800_mask.png,4.1928
18,3,37,7,378,439,415,446,378,439,415,439,415,446,378,446,text,table_text,table_0,courier,bold,8.0,pat_20211228_152625_5467383857_600_800.png,/scratch/parceirosbr/bigoilict/share/BigOil/document_generator/datasets/documents_2021_12_28/pat_20211228_152625_5467383857_600_800.png,pat_20211228_152625_5467383857_600_800_mask.png,769.6513
18,3,37,7,378,439,415,446,378,439,415,439,415,446,378,446,sub_line_text,table_text,table_0,courier,bold,8.0,pat_20211228_152625_5467383857_600_800.png,/scratch/parceirosbr/bigoilict/share/BigOil/document_generator/datasets/documents_2021_12_28/pat_20211228_152625_5467383857_600_800.png,pat_20211228_152625_5467383857_600_800_mask.png,769.6513
26,4,53,9,470,302,523,311,470,302,523,302,523,311,470,311,sub_line_text,table_legend,table_0,opensans,regular,7,pat_20211228_152625_5467383857_600_800.png,/scratch/parceirosbr/bigoilict/share/BigOil/document_generator/datasets/documents_2021_12_28/pat_20211228_152625_5467383857_600_800.png,pat_20211228_152625_5467383857_600_800_mask.png,Tab.  114:    O p-
26,4,53,9,470,317,523,326,470,317,523,317,523,326,470,326,sub_line_text,table_legend,table_0,opensans,regular,7,pat_20211228_152625_5467383857_600_800.png,/scratch/parceirosbr/bigoilict/share/BigOil/document_generator/datasets/documents_2021_12_28/pat_20211228_152625_5467383857_600_800.png,pat_20211228_152625_5467383857_600_800_mask.png,rocedimento   e-
27,4,54,9,470,332,524,341,470,332,524,332,524,341,470,341,sub_line_text,table_legend,table_0,opensans,regular,7,pat_20211228_152625_5467383857_600_800.png,/scratch/parceirosbr/bigoilict/share/BigOil/document_generator/datasets/documents_2021_12_28/pat_20211228_152625_5467383857_600_800.png,pat_20211228_152625_5467383857_600_800_mask.png,xperimental    n-
27,4,54,9,470,347,524,356,470,347,524,347,524,356,470,356,sub_line_text,table_legend,table_0,opensans,regular,7,pat_20211228_152625_5467383857_600_800.png,/scratch/parceirosbr/bigoilict/share/BigOil/document_generator/datasets/documents_2021_12_28/pat_20211228_152625_5467383857_600_800.png,pat_20211228_152625_5467383857_600_800_mask.png,esta    etapa   co-
26,4,53,9,470,362,523,371,470,362,523,362,523,371,470,371,sub_line_text,table_legend,table_0,opensans,regular,7,pat_20211228_152625_5467383857_600_800.png,/scratch/parceirosbr/bigoilict/share/BigOil/document_generator/datasets/documents_2021_12_28/pat_20211228_152625_5467383857_600_800.png,pat_20211228_152625_5467383857_600_800_mask.png,nsistia   em   aq-
27,4,54,9,470,377,524,386,470,377,524,377,524,386,470,386,sub_line_text,table_legend,table_0,opensans,regular,7,pat_20211228_152625_5467383857_600_800.png,/scratch/parceirosbr/bigoilict/share/BigOil/document_generator/datasets/documents_2021_12_28/pat_20211228_152625_5467383857_600_800.png,pat_20211228_152625_5467383857_600_800_mask.png,uecer  a  solução
26,4,53,9,470,392,523,401,470,392,523,392,523,401,470,401,sub_line_text,table_legend,table_0,opensans,regular,7,pat_20211228_152625_5467383857_600_800.png,/scratch/parceirosbr/bigoilict/share/BigOil/document_generator/datasets/documents_2021_12_28/pat_20211228_152625_5467383857_600_800.png,pat_20211228_152625_5467383857_600_800_mask.png,a  ser  analisada
26,4,53,9,470,407,523,416,470,407,523,407,523,416,470,416,sub_line_text,table_legend,table_0,opensans,regular,7,pat_20211228_152625_5467383857_600_800.png,/scratch/parceirosbr/bigoilict/share/BigOil/document_generator/datasets/documents_2021_12_28/pat_20211228_152625_5467383857_600_800.png,pat_20211228_152625_5467383857_600_800_mask.png,até   que  se  ati-
27,4,54,9,470,422,524,431,470,422,524,422,524,431,470,431,sub_line_text,table_legend,table_0,opensans,regular,7,pat_20211228_152625_5467383857_600_800.png,/scratch/parceirosbr/bigoilict/share/BigOil/document_generator/datasets/documents_2021_12_28/pat_20211228_152625_5467383857_600_800.png,pat_20211228_152625_5467383857_600_800_mask.png,ngisse   o   ponto
23,4,47,9,470,437,517,446,470,437,517,437,517,446,470,446,sub_line_text,table_legend,table_0,opensans,regular,7,pat_20211228_152625_5467383857_600_800.png,/scratch/parceirosbr/bigoilict/share/BigOil/document_generator/datasets/documents_2021_12_28/pat_20211228_152625_5467383857_600_800.png,pat_20211228_152625_5467383857_600_800_mask.png,de ebulição.  é
27,72,54,144,470,302,524,446,470,302,524,302,524,446,470,446,text,table_legend,table_0,opensans,regular,7,pat_20211228_152625_5467383857_600_800.png,/scratch/parceirosbr/bigoilict/share/BigOil/document_generator/datasets/documents_2021_12_28/pat_20211228_152625_5467383857_600_800.png,pat_20211228_152625_5467383857_600_800_mask.png,nan
172,5,345,10,177,468,522,478,177,468,522,468,522,478,177,478,sub_line_text,text,text_1,opensans,regular,8,pat_20211228_152625_5467383857_600_800.png,/scratch/parceirosbr/bigoilict/share/BigOil/document_generator/datasets/documents_2021_12_28/pat_20211228_152625_5467383857_600_800.png,pat_20211228_152625_5467383857_600_800_mask.png,"As   informações   de  controle  são  oriundas  dos  sensores  de  movimentação  própria,como"
187,5,375,10,147,480,522,490,147,480,522,480,522,490,147,490,sub_line_text,text,text_1,opensans,regular,8,pat_20211228_152625_5467383857_600_800.png,/scratch/parceirosbr/bigoilict/share/BigOil/document_generator/datasets/documents_2021_12_28/pat_20211228_152625_5467383857_600_800.png,pat_20211228_152625_5467383857_600_800_mask.png,encoders  1  nos  motores  do  robô  ou  sensores  de  medição inercial 2 sensoressão conhecidos por
187,5,375,10,147,492,522,502,147,492,522,492,522,502,147,502,sub_line_text,text,text_1,opensans,regular,8,pat_20211228_152625_5467383857_600_800.png,/scratch/parceirosbr/bigoilict/share/BigOil/document_generator/datasets/documents_2021_12_28/pat_20211228_152625_5467383857_600_800.png,pat_20211228_152625_5467383857_600_800_mask.png,"sensores   de   odometria,  ou  proprioceptivos,  pois  proveem  informaçõesrelativas  entre  duas  pos-"
187,5,375,10,147,504,522,514,147,504,522,504,522,514,147,514,sub_line_text,text,text_1,opensans,regular,8,pat_20211228_152625_5467383857_600_800.png,/scratch/parceirosbr/bigoilict/share/BigOil/document_generator/datasets/documents_2021_12_28/pat_20211228_152625_5467383857_600_800.png,pat_20211228_152625_5467383857_600_800_mask.png,ições  consecutivas.  As  faixas  estudadas  foram  baseadas  em  valores  obtidos  em  testes prelimina-
187,5,375,10,147,516,522,526,147,516,522,516,522,526,147,526,sub_line_text,text,text_1,opensans,regular,8,pat_20211228_152625_5467383857_600_800.png,/scratch/parceirosbr/bigoilict/share/BigOil/document_generator/datasets/documents_2021_12_28/pat_20211228_152625_5467383857_600_800.png,pat_20211228_152625_5467383857_600_800_mask.png,res.  O  acervo  inicial  do  estudos  geológicos.foi  criado  inicialmente  com  os dados transferidos pel-
188,5,376,10,147,528,523,538,147,528,523,528,523,538,147,538,sub_line_text,text,text_1,opensans,regular,8,pat_20211228_152625_5467383857_600_800.png,/scratch/parceirosbr/bigoilict/share/BigOil/document_generator/datasets/documents_2021_12_28/pat_20211228_152625_5467383857_600_800.png,pat_20211228_152625_5467383857_600_800_mask.png,"a.  Normalmente,  para  remoção  do  óleo  emulsificado  é  utilizada  a técnica da flotação auxiliada pela"
180,5,361,10,147,540,508,550,147,540,508,540,508,550,147,550,sub_line_text,text,text_1,opensans,regular,8,pat_20211228_152625_5467383857_600_800.png,/scratch/parceirosbr/bigoilict/share/BigOil/document_generator/datasets/documents_2021_12_28/pat_20211228_152625_5467383857_600_800.png,pat_20211228_152625_5467383857_600_800_mask.png,quebra da emulsão com adição de coagulantes e/ou polímeros floculantes e 1973 apud 2007c). O.
188,41,376,82,147,468,523,550,147,468,523,468,523,550,147,550,text,text,text_1,opensans,regular,8,pat_20211228_152625_5467383857_600_800.png,/scratch/parceirosbr/bigoilict/share/BigOil/document_generator/datasets/documents_2021_12_28/pat_20211228_152625_5467383857_600_800.png,pat_20211228_152625_5467383857_600_800_mask.png,nan
14,4,28,9,376,575,404,584,376,575,404,575,404,584,376,584,sub_line_text,equation,equation_0,opensans,regular,7,pat_20211228_152625_5467383857_600_800.png,/scratch/parceirosbr/bigoilict/share/BigOil/document_generator/datasets/documents_2021_12_28/pat_20211228_152625_5467383857_600_800.png,pat_20211228_152625_5467383857_600_800_mask.png,Eq. (137)
85,27,171,54,233,553,404,607,233,553,404,553,404,607,233,607,equation,equation,equation_0,,,,pat_20211228_152625_5467383857_600_800.png,/scratch/parceirosbr/bigoilict/share/BigOil/document_generator/datasets/documents_2021_12_28/pat_20211228_152625_5467383857_600_800.png,pat_20211228_152625_5467383857_600_800_mask.png,
172,5,345,10,177,610,522,620,177,610,522,610,522,620,177,620,sub_line_text,text,text_2,opensans,regular,8,pat_20211228_152625_5467383857_600_800.png,/scratch/parceirosbr/bigoilict/share/BigOil/document_generator/datasets/documents_2021_12_28/pat_20211228_152625_5467383857_600_800.png,pat_20211228_152625_5467383857_600_800_mask.png,"Não  por  acaso,  os  fatores  que  causam  o  fenômeno de deposição orgânica dessas duas fr-"
188,5,376,10,147,622,523,632,147,622,523,622,523,632,147,632,sub_line_text,text,text_2,opensans,regular,8,pat_20211228_152625_5467383857_600_800.png,/scratch/parceirosbr/bigoilict/share/BigOil/document_generator/datasets/documents_2021_12_28/pat_20211228_152625_5467383857_600_800.png,pat_20211228_152625_5467383857_600_800_mask.png,"ações,   bem   como  os  mecanismos  de  formação  de  seus  agregados  são  consideravelmente  difer-"
187,5,375,10,147,634,522,644,147,634,522,634,522,644,147,644,sub_line_text,text,text_2,opensans,regular,8,pat_20211228_152625_5467383857_600_800.png,/scratch/parceirosbr/bigoilict/share/BigOil/document_generator/datasets/documents_2021_12_28/pat_20211228_152625_5467383857_600_800.png,pat_20211228_152625_5467383857_600_800_mask.png,entes  2014).  1.  Nossa  intenção  é  analisar  com mais cuidado a necessidade de adaptação imposta à
175,5,351,10,147,646,498,656,147,646,498,646,498,656,147,656,sub_line_text,text,text_2,opensans,regular,8,pat_20211228_152625_5467383857_600_800.png,/scratch/parceirosbr/bigoilict/share/BigOil/document_generator/datasets/documents_2021_12_28/pat_20211228_152625_5467383857_600_800.png,pat_20211228_152625_5467383857_600_800_mask.png,regulação tanto pela 36 introdução de novos processos e produtos no mercado regulado (relaç.
188,23,376,46,147,610,523,656,147,610,523,610,523,656,147,656,text,text,text_2,opensans,regular,8,pat_20211228_152625_5467383857_600_800.png,/scratch/parceirosbr/bigoilict/share/BigOil/document_generator/datasets/documents_2021_12_28/pat_20211228_152625_5467383857_600_800.png,pat_20211228_152625_5467383857_600_800_mask.png,nan
